Dummy line1
Dummy line2
Dummy line3
Dummy line4
Dummy line5
(-1.591021e+00, +0.000000e+00)
(-1.104227e+00, +0.000000e+00)
(-7.156500e-01, +0.000000e+00)
(-4.430090e-01, +0.000000e+00)
(-2.647293e-01, +0.000000e+00)
(-1.533916e-01, +0.000000e+00)
(-8.619723e-02, +0.000000e+00)
(-4.678843e-02, +0.000000e+00)
(-2.429065e-02, +0.000000e+00)
(-1.181009e-02, +0.000000e+00)
(-5.120410e-03, +0.000000e+00)
(-1.697421e-03, +0.000000e+00)
(-6.714485e-05, +0.000000e+00)
(+6.128057e-04, +0.000000e+00)
(+8.129714e-04, +0.000000e+00)
(+7.891903e-04, +0.000000e+00)
(+6.757378e-04, +0.000000e+00)
(+5.395491e-04, +0.000000e+00)
(+4.112435e-04, +0.000000e+00)
(+3.025541e-04, +0.000000e+00)
(+2.159142e-04, +0.000000e+00)
(+1.495890e-04, +0.000000e+00)
(+1.003222e-04, +0.000000e+00)
(+6.462330e-05, +0.000000e+00)
(+3.933241e-05, +0.000000e+00)
(-2.445719e+01, -3.069999e+00)
(-1.176771e+01, -1.501855e+00)
(-5.648149e+00, -7.333992e-01)
(-2.701886e+00, -3.572779e-01)
(-1.286593e+00, -1.735027e-01)
(-6.088020e-01, -8.391855e-02)
(-2.855557e-01, -4.038208e-02)
(-1.322800e-01, -1.930561e-02)
(-6.018072e-02, -9.151235e-03)
(-2.664813e-02, -4.287907e-03)
(-1.130523e-02, -1.975606e-03)
(-4.453198e-03, -8.861576e-04)
(-1.506104e-03, -3.788244e-04)
(-3.156985e-04, -1.463057e-04)
(+1.108982e-04, -4.224873e-05)
(+2.235334e-04, +2.473254e-06)
(+2.198808e-04, +2.020017e-05)
(+1.825687e-04, +2.589787e-05)
(+1.431437e-04, +2.640787e-05)
(+1.114423e-04, +2.481492e-05)
(+8.876174e-05, +2.248745e-05)
(+7.354664e-05, +2.001941e-05)
(+6.368925e-05, +1.765906e-05)
(+5.734632e-05, +1.550172e-05)
(+5.314063e-05, +1.357523e-05)
(-4.180838e+01, -9.488214e+00)
(-1.983849e+01, -4.547397e+00)
(-9.369636e+00, -2.172776e+00)
(-4.399586e+00, -1.034040e+00)
(-2.050923e+00, -4.895370e-01)
(-9.474149e-01, -2.301513e-01)
(-4.326923e-01, -1.071975e-01)
(-1.948082e-01, -4.929747e-02)
(-8.615641e-02, -2.227238e-02)
(-3.727797e-02, -9.810108e-03)
(-1.571750e-02, -4.159388e-03)
(-6.447120e-03, -1.658275e-03)
(-2.590807e-03, -5.902725e-04)
(-1.051965e-03, -1.594237e-04)
(-4.659487e-04, -2.182414e-06)
(-2.494423e-04, +4.390305e-05)
(-1.640680e-04, +4.907072e-05)
(-1.190796e-04, +4.212379e-05)
(-8.402163e-05, +3.380840e-05)
(-5.122805e-05, +2.737769e-05)
(-2.045708e-05, +2.323411e-05)
(+6.929317e-06, +2.088120e-05)
(+2.985170e-05, +1.968291e-05)
(+4.789695e-05, +1.911535e-05)
(+6.120924e-05, +1.881617e-05)
(-4.337892e+01, +1.689537e+00)
(-2.058319e+01, +7.330741e-01)
(-9.720629e+00, +3.070014e-01)
(-4.563843e+00, +1.221437e-01)
(-2.127162e+00, +4.488378e-02)
(-9.824797e-01, +1.435358e-02)
(-4.486693e-01, +3.352037e-03)
(-2.020292e-01, +4.347195e-05)
(-8.940769e-02, -5.260012e-04)
(-3.875114e-02, -3.081817e-04)
(-1.640217e-02, +5.278940e-06)
(-6.783103e-03, +2.206255e-04)
(-2.770337e-03, +3.208024e-04)
(-1.157904e-03, +3.379233e-04)
(-5.339207e-04, +3.077226e-04)
(-2.951752e-04, +2.567654e-04)
(-1.950985e-04, +2.014743e-04)
(-1.395899e-04, +1.505430e-04)
(-9.675388e-05, +1.076573e-04)
(-5.820905e-05, +7.361778e-05)
(-2.326572e-05, +4.776026e-05)
(+7.054228e-06, +2.881607e-05)
(+3.195256e-05, +1.538762e-05)
(+5.125102e-05, +6.182874e-06)
(+6.528579e-05, +1.097427e-07)
(-9.886162e+01, +0.000000e+00)
(-4.853308e+01, +0.000000e+00)
(-2.382420e+01, +0.000000e+00)
(-1.168419e+01, +0.000000e+00)
(-5.717440e+00, +0.000000e+00)
(-2.785739e+00, +0.000000e+00)
(-1.347262e+00, +0.000000e+00)
(-6.435838e-01, +0.000000e+00)
(-3.012620e-01, +0.000000e+00)
(-1.362989e-01, +0.000000e+00)
(-5.803941e-02, +0.000000e+00)
(-2.186483e-02, +0.000000e+00)
(-5.873521e-03, +0.000000e+00)
(+6.297139e-04, +0.000000e+00)
(+2.820482e-03, +0.000000e+00)
(+3.165455e-03, +0.000000e+00)
(+2.810590e-03, +0.000000e+00)
(+2.265266e-03, +0.000000e+00)
(+1.737892e-03, +0.000000e+00)
(+1.299158e-03, +0.000000e+00)
(+9.603200e-04, +0.000000e+00)
(+7.098366e-04, +0.000000e+00)
(+5.298097e-04, +0.000000e+00)
(+4.028046e-04, +0.000000e+00)
(+3.142239e-04, +0.000000e+00)
(-4.337892e+01, -1.689537e+00)
(-2.058319e+01, -7.330741e-01)
(-9.720629e+00, -3.070014e-01)
(-4.563843e+00, -1.221437e-01)
(-2.127162e+00, -4.488378e-02)
(-9.824797e-01, -1.435358e-02)
(-4.486693e-01, -3.352037e-03)
(-2.020292e-01, -4.347195e-05)
(-8.940769e-02, +5.260012e-04)
(-3.875114e-02, +3.081817e-04)
(-1.640217e-02, -5.278940e-06)
(-6.783103e-03, -2.206255e-04)
(-2.770337e-03, -3.208024e-04)
(-1.157904e-03, -3.379233e-04)
(-5.339207e-04, -3.077226e-04)
(-2.951752e-04, -2.567654e-04)
(-1.950985e-04, -2.014743e-04)
(-1.395899e-04, -1.505430e-04)
(-9.675388e-05, -1.076573e-04)
(-5.820905e-05, -7.361778e-05)
(-2.326572e-05, -4.776026e-05)
(+7.054228e-06, -2.881607e-05)
(+3.195256e-05, -1.538762e-05)
(+5.125102e-05, -6.182874e-06)
(+6.528579e-05, -1.097427e-07)
(-4.180838e+01, +9.488214e+00)
(-1.983849e+01, +4.547397e+00)
(-9.369636e+00, +2.172776e+00)
(-4.399586e+00, +1.034040e+00)
(-2.050923e+00, +4.895370e-01)
(-9.474149e-01, +2.301513e-01)
(-4.326923e-01, +1.071975e-01)
(-1.948082e-01, +4.929747e-02)
(-8.615641e-02, +2.227238e-02)
(-3.727797e-02, +9.810108e-03)
(-1.571750e-02, +4.159388e-03)
(-6.447120e-03, +1.658275e-03)
(-2.590807e-03, +5.902725e-04)
(-1.051965e-03, +1.594237e-04)
(-4.659487e-04, +2.182414e-06)
(-2.494423e-04, -4.390305e-05)
(-1.640680e-04, -4.907072e-05)
(-1.190796e-04, -4.212379e-05)
(-8.402163e-05, -3.380840e-05)
(-5.122805e-05, -2.737769e-05)
(-2.045708e-05, -2.323411e-05)
(+6.929317e-06, -2.088120e-05)
(+2.985170e-05, -1.968291e-05)
(+4.789695e-05, -1.911535e-05)
(+6.120924e-05, -1.881617e-05)
(-2.445719e+01, +3.069999e+00)
(-1.176771e+01, +1.501855e+00)
(-5.648149e+00, +7.333992e-01)
(-2.701886e+00, +3.572779e-01)
(-1.286593e+00, +1.735027e-01)
(-6.088020e-01, +8.391855e-02)
(-2.855557e-01, +4.038208e-02)
(-1.322800e-01, +1.930561e-02)
(-6.018072e-02, +9.151235e-03)
(-2.664813e-02, +4.287907e-03)
(-1.130523e-02, +1.975606e-03)
(-4.453198e-03, +8.861576e-04)
(-1.506104e-03, +3.788244e-04)
(-3.156985e-04, +1.463057e-04)
(+1.108982e-04, +4.224873e-05)
(+2.235334e-04, -2.473254e-06)
(+2.198808e-04, -2.020017e-05)
(+1.825687e-04, -2.589787e-05)
(+1.431437e-04, -2.640787e-05)
(+1.114423e-04, -2.481492e-05)
(+8.876174e-05, -2.248745e-05)
(+7.354664e-05, -2.001941e-05)
(+6.368925e-05, -1.765906e-05)
(+5.734632e-05, -1.550172e-05)
(+5.314063e-05, -1.357523e-05)
(-2.445747e+01, -1.931547e+00)
(-1.176786e+01, -9.061957e-01)
(-5.648225e+00, -4.232317e-01)
(-2.701925e+00, -1.964702e-01)
(-1.286613e+00, -9.042577e-02)
(-6.088125e-01, -4.109657e-02)
(-2.855611e-01, -1.832002e-02)
(-1.322828e-01, -7.918367e-03)
(-6.018217e-02, -3.247875e-03)
(-2.664889e-02, -1.207211e-03)
(-1.130562e-02, -3.561520e-04)
(-4.453407e-03, -3.089959e-05)
(-1.506214e-03, +7.095262e-05)
(-3.157549e-04, +8.459738e-05)
(+1.108711e-04, +6.856092e-05)
(+2.235226e-04, +4.673421e-05)
(+2.198790e-04, +2.775035e-05)
(+1.825717e-04, +1.381914e-05)
(+1.431490e-04, +4.679493e-06)
(+1.114485e-04, -6.915988e-07)
(+8.876806e-05, -3.386642e-06)
(+7.355259e-05, -4.324980e-06)
(+6.369459e-05, -4.199977e-06)
(+5.735097e-05, -3.499076e-06)
(+5.314457e-05, -2.545628e-06)
(-1.716364e+01, -4.617184e+00)
(-8.320387e+00, -2.223162e+00)
(-4.027528e+00, -1.067917e+00)
(-1.945065e+00, -5.113248e-01)
(-9.360530e-01, -2.437350e-01)
(-4.480794e-01, -1.154639e-01)
(-2.127784e-01, -5.422421e-02)
(-9.982261e-02, -2.515065e-02)
(-4.596431e-02, -1.145629e-02)
(-2.054611e-02, -5.077785e-03)
(-8.736678e-03, -2.154724e-03)
(-3.382950e-03, -8.472755e-04)
(-1.051346e-03, -2.841971e-04)
(-1.056217e-04, -5.665426e-05)
(+2.253294e-04, +2.468683e-05)
(+2.986849e-04, +4.580732e-05)
(+2.753981e-04, +4.459122e-05)
(+2.247267e-04, +3.692460e-05)
(+1.740400e-04, +2.889622e-05)
(+1.322724e-04, +2.241486e-05)
(+1.007643e-04, +1.773639e-05)
(+7.812540e-05, +1.455962e-05)
(+6.230544e-05, +1.247212e-05)
(+5.139388e-05, +1.111023e-05)
(+4.386217e-05, +1.019966e-05)
(-7.662055e+00, -6.484083e+00)
(-3.780745e+00, -3.123523e+00)
(-1.866274e+00, -1.501211e+00)
(-9.207745e-01, -7.192207e-01)
(-4.534245e-01, -3.430642e-01)
(-2.223807e-01, -1.626393e-01)
(-1.082667e-01, -7.643965e-02)
(-5.205421e-02, -3.548398e-02)
(-2.450981e-02, -1.617589e-02)
(-1.113847e-02, -7.174042e-03)
(-4.749056e-03, -3.044623e-03)
(-1.775777e-03, -1.195751e-03)
(-4.543158e-04, -3.988452e-04)
(+8.419887e-05, -7.673839e-05)
(+2.639802e-04, +3.820628e-05)
(+2.890913e-04, +6.771061e-05)
(+2.552573e-04, +6.549872e-05)
(+2.054637e-04, +5.414421e-05)
(+1.574935e-04, +4.231985e-05)
(+1.174619e-04, +3.275312e-05)
(+8.637990e-05, +2.581277e-05)
(+6.326383e-05, +2.106814e-05)
(+4.655221e-05, +1.792618e-05)
(+3.470436e-05, +1.586131e-05)
(+2.641596e-05, +1.447486e-05)
(-3.996147e+01, -1.307898e+01)
(-1.893180e+01, -6.241644e+00)
(-8.924134e+00, -2.966586e+00)
(-4.180723e+00, -1.402888e+00)
(-1.943602e+00, -6.592886e-01)
(-8.950334e-01, -3.074542e-01)
(-4.073557e-01, -1.420281e-01)
(-1.827487e-01, -6.485755e-02)
(-8.057411e-02, -2.920990e-02)
(-3.481844e-02, -1.294347e-02)
(-1.473221e-02, -5.632602e-03)
(-6.132622e-03, -2.407012e-03)
(-2.561499e-03, -1.014637e-03)
(-1.127772e-03, -4.277468e-04)
(-5.668021e-04, -1.853651e-04)
(-3.429807e-04, -8.541728e-05)
(-2.398989e-04, -4.202821e-05)
(-1.762851e-04, -2.023888e-05)
(-1.252438e-04, -6.662842e-06)
(-7.999414e-05, +3.386103e-06)
(-4.007142e-05, +1.134710e-05)
(-6.241535e-06, +1.760370e-05)
(+2.106058e-05, +2.229059e-05)
(+4.198741e-05, +2.554324e-05)
(+5.713377e-05, +2.754329e-05)
(-2.019773e+02, -6.462677e+01)
(-9.630277e+01, -3.149436e+01)
(-4.574092e+01, -1.533356e+01)
(-2.162007e+01, -7.452322e+00)
(-1.015581e+01, -3.611211e+00)
(-4.732730e+00, -1.741573e+00)
(-2.182867e+00, -8.336294e-01)
(-9.933045e-01, -3.943858e-01)
(-4.440002e-01, -1.831760e-01)
(-1.937595e-01, -8.257871e-02)
(-8.181500e-02, -3.537482e-02)
(-3.296918e-02, -1.374544e-02)
(-1.238909e-02, -4.217569e-03)
(-4.149445e-03, -3.066205e-04)
(-1.099735e-03, +1.077809e-03)
(-1.108217e-04, +1.385701e-03)
(+1.353018e-04, +1.280476e-03)
(+1.610536e-04, +1.053112e-03)
(+1.522243e-04, +8.217488e-04)
(+1.605363e-04, +6.269271e-04)
(+1.899072e-04, +4.763167e-04)
(+2.311243e-04, +3.651807e-04)
(+2.743852e-04, +2.853332e-04)
(+3.128373e-04, +2.287515e-04)
(+3.427963e-04, +1.887871e-04)
(+3.488170e+01, -1.121202e+01)
(+1.557999e+01, -4.885844e+00)
(+6.818604e+00, -2.075064e+00)
(+2.904426e+00, -8.495194e-01)
(+1.192160e+00, -3.287000e-01)
(+4.642677e-01, -1.153840e-01)
(+1.671354e-01, -3.288276e-02)
(+5.301474e-02, -4.035264e-03)
(+1.338767e-02, +4.023906e-03)
(+2.122596e-03, +4.800331e-03)
(+4.534959e-04, +3.543105e-03)
(+1.264732e-03, +2.101340e-03)
(+2.185430e-03, +9.978367e-04)
(+2.643295e-03, +2.847479e-04)
(+2.661780e-03, -1.213770e-04)
(+2.402946e-03, -3.197784e-04)
(+2.015802e-03, -3.902392e-04)
(+1.601284e-03, -3.883020e-04)
(+1.216209e-03, -3.496311e-04)
(+8.863573e-04, -2.957859e-04)
(+6.186141e-04, -2.390438e-04)
(+4.097349e-04, -1.858690e-04)
(+2.519202e-04, -1.392297e-04)
(+1.360372e-04, -1.000791e-04)
(+5.329989e-05, -6.827206e-05)
(+5.122436e+01, +6.018783e+00)
(+2.323778e+01, +2.634882e+00)
(+1.038102e+01, +1.130752e+00)
(+4.547092e+00, +4.716727e-01)
(+1.941502e+00, +1.882608e-01)
(+8.016816e-01, +6.956608e-02)
(+3.167410e-01, +2.182212e-02)
(+1.181959e-01, +3.903829e-03)
(+4.128030e-02, -1.924335e-03)
(+1.389973e-02, -3.140544e-03)
(+5.444757e-03, -2.796862e-03)
(+3.479348e-03, -2.075159e-03)
(+3.290390e-03, -1.389924e-03)
(+3.302227e-03, -8.547296e-04)
(+3.124528e-03, -4.743384e-04)
(+2.757888e-03, -2.207536e-04)
(+2.293473e-03, -6.139186e-05)
(+1.814326e-03, +3.182390e-05)
(+1.373193e-03, +8.056327e-05)
(+9.955809e-04, +1.006279e-04)
(+6.885032e-04, +1.031200e-04)
(+4.483859e-04, +9.560390e-05)
(+2.666368e-04, +8.307406e-05)
(+1.330708e-04, +6.870631e-05)
(+3.778223e-05, +5.441953e-05)
(-1.204829e+02, +9.961955e-01)
(-5.652714e+01, +5.212279e-01)
(-2.633990e+01, +2.714101e-01)
(-1.217099e+01, +1.407138e-01)
(-5.566376e+00, +7.269594e-02)
(-2.514055e+00, +3.747110e-02)
(-1.118460e+00, +1.930527e-02)
(-4.888741e-01, +9.964338e-03)
(-2.096060e-01, +5.165699e-03)
(-8.832034e-02, +2.695744e-03)
(-3.699999e-02, +1.417093e-03)
(-1.593688e-02, +7.483882e-04)
(-7.551169e-03, +3.935746e-04)
(-4.255336e-03, +2.020503e-04)
(-2.888751e-03, +9.696329e-05)
(-2.201223e-03, +3.873028e-05)
(-1.736551e-03, +6.606737e-06)
(-1.350114e-03, -1.056941e-05)
(-1.008284e-03, -1.901328e-05)
(-7.098929e-04, -2.231932e-05)
(-4.585610e-04, -2.264096e-05)
(-2.549863e-04, -2.130240e-05)
(-9.625420e-05, -1.912762e-05)
(+2.292475e-05, -1.662653e-05)
(+1.088549e-04, -1.410646e-05)
(-4.186281e+01, -9.462554e+00)
(-1.986697e+01, -4.533971e+00)
(-9.384466e+00, -2.165785e+00)
(-4.407274e+00, -1.030416e+00)
(-2.054895e+00, -4.876645e-01)
(-9.494622e-01, -2.291861e-01)
(-4.337471e-01, -1.067002e-01)
(-1.953527e-01, -4.904081e-02)
(-8.643865e-02, -2.213932e-02)
(-3.742526e-02, -9.740671e-03)
(-1.579492e-02, -4.122887e-03)
(-6.488011e-03, -1.638998e-03)
(-2.612311e-03, -5.801348e-04)
(-1.063005e-03, -1.542193e-04)
(-4.712465e-04, +3.151520e-07)
(-2.515584e-04, +4.490066e-05)
(-1.644289e-04, +4.924089e-05)
(-1.185021e-04, +4.185154e-05)
(-8.298279e-05, +3.331866e-05)
(-5.000857e-05, +2.680279e-05)
(-1.922003e-05, +2.265093e-05)
(+8.093237e-06, +2.033249e-05)
(+3.089679e-05, +1.919023e-05)
(+4.880539e-05, +1.868709e-05)
(+6.197999e-05, +1.845282e-05)
(-7.715240e+00, -6.484859e+00)
(-3.808572e+00, -3.123929e+00)
(-1.880764e+00, -1.501422e+00)
(-9.282870e-01, -7.193303e-01)
(-4.573056e-01, -3.431208e-01)
(-2.243813e-01, -1.626685e-01)
(-1.092974e-01, -7.645469e-02)
(-5.258619e-02, -3.549174e-02)
(-2.478560e-02, -1.617991e-02)
(-1.128239e-02, -7.176142e-03)
(-4.824712e-03, -3.045727e-03)
(-1.815732e-03, -1.196334e-03)
(-4.753282e-04, -3.991518e-04)
(+7.341171e-05, -7.689579e-05)
(+2.588035e-04, +3.813074e-05)
(+2.870236e-04, +6.768044e-05)
(+2.549046e-04, +6.549357e-05)
(+2.060280e-04, +5.415244e-05)
(+1.585085e-04, +4.233466e-05)
(+1.186535e-04, +3.277051e-05)
(+8.758867e-05, +2.583040e-05)
(+6.440113e-05, +2.108474e-05)
(+4.757341e-05, +1.794108e-05)
(+3.559203e-05, +1.587426e-05)
(+2.716908e-05, +1.448584e-05)
(-2.870843e+01, +1.669652e+00)
(-1.356207e+01, +7.553325e-01)
(-6.371722e+00, +3.362101e-01)
(-2.973373e+00, +1.465566e-01)
(-1.375995e+00, +6.216204e-02)
(-6.302513e-01, +2.542617e-02)
(-2.850501e-01, +9.905338e-03)
(-1.269601e-01, +3.615920e-03)
(-5.553274e-02, +1.219038e-03)
(-2.380838e-02, +3.903107e-04)
(-1.001890e-02, +1.499775e-04)
(-4.183489e-03, +1.043923e-04)
(-1.790821e-03, +1.071951e-04)
(-8.402521e-04, +1.113671e-04)
(-4.673389e-04, +1.066928e-04)
(-3.120479e-04, +9.459139e-05)
(-2.323772e-04, +7.878566e-05)
(-1.769832e-04, +6.236430e-05)
(-1.300183e-04, +4.722465e-05)
(-8.816177e-05, +3.426826e-05)
(-5.163211e-05, +2.373963e-05)
(-2.104362e-05, +1.551329e-05)
(+3.442738e-06, +9.290782e-06)
(+2.216286e-05, +4.719963e-06)
(+3.577690e-05, +1.459459e-06)
(+4.753909e+01, -1.217882e+01)
(+2.168384e+01, -5.417474e+00)
(+9.755822e+00, -2.366623e+00)
(+4.313608e+00, -1.008712e+00)
(+1.865391e+00, -4.150371e-01)
(+7.839824e-01, -1.617481e-01)
(+3.176725e-01, -5.742469e-02)
(+1.230205e-01, -1.675289e-02)
(+4.534969e-02, -2.356295e-03)
(+1.630908e-02, +1.763125e-03)
(+6.468079e-03, +2.228117e-03)
(+3.613632e-03, +1.641734e-03)
(+2.952849e-03, +9.380349e-04)
(+2.772511e-03, +3.914998e-04)
(+2.565389e-03, +3.731255e-05)
(+2.251366e-03, -1.616594e-04)
(+1.872170e-03, -2.536071e-04)
(+1.483495e-03, -2.787260e-04)
(+1.124724e-03, -2.658022e-04)
(+8.161557e-04, -2.337956e-04)
(+5.639678e-04, -1.944375e-04)
(+3.658376e-04, -1.545443e-04)
(+2.152242e-04, -1.177551e-04)
(+1.041169e-04, -8.573831e-05)
(+2.459029e-05, -5.899181e-05)
(-1.380938e+02, -1.239606e+02)
(-7.281661e+01, -6.082720e+01)
(-3.844314e+01, -2.982855e+01)
(-2.028429e+01, -1.460685e+01)
(-1.067106e+01, -7.134970e+00)
(-5.578679e+00, -3.470869e+00)
(-2.884747e+00, -1.677471e+00)
(-1.465301e+00, -8.025246e-01)
(-7.230744e-01, -3.778693e-01)
(-3.399210e-01, -1.734213e-01)
(-1.461956e-01, -7.621785e-02)
(-5.150152e-02, -3.090567e-02)
(-7.815403e-03, -1.045012e-02)
(+1.021918e-02, -1.716331e-03)
(+1.585015e-02, +1.625628e-03)
(+1.588231e-02, +2.588168e-03)
(+1.371679e-02, +2.576969e-03)
(+1.097822e-02, +2.227391e-03)
(+8.381733e-03, +1.811244e-03)
(+6.190975e-03, +1.432974e-03)
(+4.456875e-03, +1.123111e-03)
(+3.139407e-03, +8.818970e-04)
(+2.167568e-03, +6.990319e-04)
(+1.467213e-03, +5.621205e-04)
(+9.725654e-04, +4.599274e-04)
(+3.471487e+02, -3.207059e+01)
(+1.791329e+02, -1.500014e+01)
(+9.261119e+01, -6.962724e+00)
(+4.789852e+01, -3.202009e+00)
(+2.472969e+01, -1.455925e+00)
(+1.270661e+01, -6.529782e-01)
(+6.469060e+00, -2.881373e-01)
(+3.241745e+00, -1.248274e-01)
(+1.582162e+00, -5.308245e-02)
(+7.382456e-01, -2.228522e-02)
(+3.171274e-01, -9.427400e-03)
(+1.135029e-01, -4.219959e-03)
(+2.027694e-02, -2.160470e-03)
(-1.814545e-02, -1.336028e-03)
(-3.036047e-02, -9.670323e-04)
(-3.084794e-02, -7.547349e-04)
(-2.675143e-02, -5.953739e-04)
(-2.144308e-02, -4.588208e-04)
(-1.639127e-02, -3.394364e-04)
(-1.213193e-02, -2.376389e-04)
(-8.767409e-03, -1.539267e-04)
(-6.217264e-03, -8.756964e-05)
(-4.340143e-03, -3.680007e-05)
(-2.989466e-03, +6.884601e-07)
(-2.035996e-03, +2.731880e-05)
(-1.229424e+02, +9.255172e+00)
(-6.518370e+01, +4.842477e+00)
(-3.459113e+01, +2.521541e+00)
(-1.833923e+01, +1.307304e+00)
(-9.690117e+00, +6.753829e-01)
(-5.085913e+00, +3.481259e-01)
(-2.639186e+00, +1.793559e-01)
(-1.344663e+00, +9.257385e-02)
(-6.652340e-01, +4.799201e-02)
(-3.133322e-01, +2.504485e-02)
(-1.348882e-01, +1.316553e-02)
(-4.744517e-02, +6.952913e-03)
(-7.022275e-03, +3.656512e-03)
(+9.687250e-03, +1.877152e-03)
(+1.490093e-02, +9.008391e-04)
(+1.491338e-02, +3.598243e-04)
(+1.287967e-02, +6.138000e-05)
(+1.031099e-02, -9.819532e-05)
(+7.874466e-03, -1.766432e-04)
(+5.817012e-03, -2.073580e-04)
(+4.186963e-03, -2.103463e-04)
(+2.947424e-03, -1.979104e-04)
(+2.032275e-03, -1.777055e-04)
(+1.372248e-03, -1.544690e-04)
(+9.057649e-04, -1.310563e-04)
(+5.117961e+01, -1.659822e+01)
(+2.321436e+01, -8.170240e+00)
(+1.036883e+01, -4.013084e+00)
(+4.540771e+00, -1.966030e+00)
(+1.938237e+00, -9.602802e-01)
(+7.999984e-01, -4.675032e-01)
(+3.158738e-01, -2.268410e-01)
(+1.177483e-01, -1.097235e-01)
(+4.104825e-02, -5.293456e-02)
(+1.377864e-02, -2.548782e-02)
(+5.381101e-03, -1.225244e-02)
(+3.445730e-03, -5.872605e-03)
(+3.272711e-03, -2.789776e-03)
(+3.293151e-03, -1.291012e-03)
(+3.120173e-03, -5.553963e-04)
(+2.756148e-03, -1.905558e-04)
(+2.293176e-03, -8.770638e-06)
(+1.814801e-03, +8.042158e-05)
(+1.374047e-03, +1.213548e-04)
(+9.965835e-04, +1.363997e-04)
(+6.895203e-04, +1.373235e-04)
(+4.493428e-04, +1.306242e-04)
(+2.674960e-04, +1.200582e-04)
(+1.338177e-04, +1.078648e-04)
(+3.841589e-05, +9.538883e-05)
(-4.294829e+01, +4.474956e-01)
(-2.035787e+01, +8.321477e-02)
(-9.603303e+00, -3.138873e-02)
(-4.503015e+00, -5.329616e-02)
(-2.095737e+00, -4.575245e-02)
(-9.662817e-01, -3.236483e-02)
(-4.403240e-01, -2.071749e-02)
(-1.977218e-01, -1.237992e-02)
(-8.717465e-02, -6.966518e-03)
(-3.758582e-02, -3.669195e-03)
(-1.578959e-02, -1.761532e-03)
(-6.459589e-03, -7.124538e-04)
(-2.600202e-03, -1.699006e-04)
(-1.070562e-03, +8.601003e-05)
(-4.920053e-04, +1.868302e-04)
(-2.784328e-04, +2.084770e-04)
(-1.922425e-04, +1.932371e-04)
(-1.441588e-04, +1.637207e-04)
(-1.049730e-04, +1.313628e-04)
(-6.785726e-05, +1.014452e-04)
(-3.305297e-05, +7.598868e-05)
(-2.154392e-06, +5.537559e-05)
(+2.368406e-05, +3.923565e-05)
(+4.406369e-05, +2.691258e-05)
(+5.918784e-05, +1.769747e-05)
(-3.952505e+01, -1.186641e+01)
(-1.870345e+01, -5.607203e+00)
(-8.805233e+00, -2.636225e+00)
(-4.119078e+00, -1.231610e+00)
(-1.911755e+00, -5.708028e-01)
(-8.786177e-01, -2.618442e-01)
(-3.988983e-01, -1.185297e-01)
(-1.783834e-01, -5.272893e-02)
(-7.831108e-02, -2.292219e-02)
(-3.363746e-02, -9.662205e-03)
(-1.411139e-02, -3.907712e-03)
(-5.804761e-03, -1.496071e-03)
(-2.389078e-03, -5.355768e-04)
(-1.039256e-03, -1.818105e-04)
(-5.243235e-04, -6.734104e-05)
(-3.260134e-04, -3.827466e-05)
(-2.370045e-04, -3.398646e-05)
(-1.809155e-04, -3.310401e-05)
(-1.335734e-04, -2.980588e-05)
(-8.977200e-05, -2.378104e-05)
(-4.999019e-05, -1.621156e-05)
(-1.557390e-05, -8.325659e-06)
(+1.268097e-05, -9.916113e-07)
(+3.470350e-05, +5.305374e-06)
(+5.095388e-05, +1.037286e-05)
(+4.803170e+01, -2.242608e+01)
(+2.194158e+01, -1.077903e+01)
(+9.890030e+00, -5.158456e+00)
(+4.383189e+00, -2.456150e+00)
(+1.901338e+00, -1.162817e+00)
(+8.025113e-01, -5.471908e-01)
(+3.272186e-01, -2.560064e-01)
(+1.279477e-01, -1.192501e-01)
(+4.790406e-02, -5.549274e-02)
(+1.764208e-02, -2.596637e-02)
(+7.168811e-03, -1.234867e-02)
(+3.983699e-03, -6.056487e-03)
(+3.147465e-03, -3.110431e-03)
(+2.872422e-03, -1.686870e-03)
(+2.613336e-03, -9.600907e-04)
(+2.270518e-03, -5.600545e-04)
(+1.875437e-03, -3.215667e-04)
(+1.478269e-03, -1.700048e-04)
(+1.115322e-03, -7.022397e-05)
(+8.051191e-04, -4.210211e-06)
(+5.527722e-04, +3.845647e-05)
(+3.553039e-04, +6.458073e-05)
(+2.057659e-04, +7.899921e-05)
(+9.589531e-05, +8.528881e-05)
(+1.761485e-05, +8.611288e-05)
(+3.761812e+02, -6.990625e+01)
(+1.930730e+02, -3.275351e+01)
(+9.928608e+01, -1.523711e+01)
(+5.108292e+01, -7.026705e+00)
(+2.624143e+01, -3.205922e+00)
(+1.341954e+01, -1.443748e+00)
(+6.802234e+00, -6.400653e-01)
(+3.395494e+00, -2.786364e-01)
(+1.651853e+00, -1.189400e-01)
(+7.690143e-01, -4.992107e-02)
(+3.301713e-01, -2.089191e-02)
(+1.186684e-01, -9.061895e-03)
(+2.206744e-02, -4.385369e-03)
(-1.771635e-02, -2.552231e-03)
(-3.042298e-02, -1.781968e-03)
(-3.104683e-02, -1.378965e-03)
(-2.695570e-02, -1.094479e-03)
(-2.161453e-02, -8.526877e-04)
(-1.652670e-02, -6.378316e-04)
(-1.223889e-02, -4.506906e-04)
(-8.854746e-03, -2.936742e-04)
(-6.292145e-03, -1.669726e-04)
(-4.407495e-03, -6.848481e-05)
(-3.052316e-03, +5.300951e-06)
(-2.096000e-03, +5.844602e-05)
(-1.224422e+03, -1.463529e+02)
(-5.903270e+02, -7.119631e+01)
(-2.839899e+02, -3.460124e+01)
(-1.362035e+02, -1.678577e+01)
(-6.504584e+01, -8.118139e+00)
(-3.087742e+01, -3.906656e+00)
(-1.453293e+01, -1.865177e+00)
(-6.756443e+00, -8.794952e-01)
(-3.084629e+00, -4.066098e-01)
(-1.369834e+00, -1.820254e-01)
(-5.817610e-01, -7.706123e-02)
(-2.282445e-01, -2.925484e-02)
(-7.559701e-02, -8.406086e-03)
(-1.382230e-02, -8.125652e-06)
(+8.200444e-03, +2.834791e-03)
(+1.378212e-02, +3.345709e-03)
(+1.324342e-02, +2.990070e-03)
(+1.093744e-02, +2.403414e-03)
(+8.545137e-03, +1.837900e-03)
(+6.599582e-03, +1.374962e-03)
(+5.175605e-03, +1.024872e-03)
(+4.191036e-03, +7.720365e-04)
(+3.530568e-03, +5.946139e-04)
(+3.090986e-03, +4.722358e-04)
(+2.793230e-03, +3.884249e-04)
(-1.280487e+03, -1.159339e+00)
(-6.182572e+02, -6.065876e-01)
(-2.979201e+02, -3.158580e-01)
(-1.431522e+02, -1.637579e-01)
(-6.850705e+01, -8.460109e-02)
(-3.259482e+01, -4.360761e-02)
(-1.537864e+01, -2.246682e-02)
(-7.167371e+00, -1.159616e-02)
(-3.279809e+00, -6.011666e-03)
(-1.458980e+00, -3.137216e-03)
(-6.196576e-01, -1.649165e-03)
(-2.420660e-01, -8.709490e-04)
(-7.866128e-02, -4.580289e-04)
(-1.252192e-02, -2.351393e-04)
(+1.090488e-02, -1.128426e-04)
(+1.660555e-02, -4.507299e-05)
(+1.569805e-02, -7.688698e-06)
(+1.289812e-02, +1.230033e-05)
(+1.003827e-02, +2.212702e-05)
(+7.703727e-03, +2.597447e-05)
(+5.977286e-03, +2.634879e-05)
(+4.767186e-03, +2.479102e-05)
(+3.943340e-03, +2.226008e-05)
(+3.387915e-03, +1.934939e-05)
(+3.009377e-03, +1.641662e-05)
(+3.471484e+02, +3.120353e+01)
(+1.791328e+02, +1.454647e+01)
(+9.261111e+01, +6.726496e+00)
(+4.789848e+01, +3.079535e+00)
(+2.472966e+01, +1.392652e+00)
(+1.270660e+01, +6.203643e-01)
(+6.469054e+00, +2.713344e-01)
(+3.241742e+00, +1.161547e-01)
(+1.582161e+00, +4.858635e-02)
(+7.382448e-01, +1.993891e-02)
(+3.171270e-01, +8.193997e-03)
(+1.135027e-01, +3.568580e-03)
(+2.027682e-02, +1.817912e-03)
(-1.814551e-02, +1.160168e-03)
(-3.036050e-02, +8.826378e-04)
(-3.084795e-02, +7.210250e-04)
(-2.675143e-02, +5.896236e-04)
(-2.144308e-02, +4.680202e-04)
(-1.639126e-02, +3.559851e-04)
(-1.213193e-02, +2.570650e-04)
(-8.767402e-03, +1.736328e-04)
(-6.217257e-03, +1.061107e-04)
(-4.340138e-03, +5.344829e-05)
(-2.989461e-03, +1.378287e-05)
(-2.035992e-03, -1.504088e-05)
(+3.531016e+01, +2.149672e+01)
(+1.580417e+01, +1.026699e+01)
(+6.935337e+00, +4.877096e+00)
(+2.964946e+00, +2.302245e+00)
(+1.223426e+00, +1.079211e+00)
(+4.803840e-01, +5.022347e-01)
(+1.754385e-01, +2.321899e-01)
(+5.730038e-02, +1.069068e-01)
(+1.560943e-02, +4.930664e-02)
(+3.282028e-03, +2.303046e-02)
(+1.062984e-03, +1.108693e-02)
(+1.586612e-03, +5.625000e-03)
(+2.354705e-03, +3.065418e-03)
(+2.730196e-03, +1.801214e-03)
(+2.703484e-03, +1.122423e-03)
(+2.419604e-03, +7.196288e-04)
(+2.018644e-03, +4.584469e-04)
(+1.596738e-03, +2.791836e-04)
(+1.208031e-03, +1.533384e-04)
(+8.767578e-04, +6.536185e-05)
(+6.088763e-04, +5.299027e-06)
(+4.005728e-04, -3.405651e-05)
(+2.436935e-04, -5.824332e-05)
(+1.288862e-04, -7.157279e-05)
(+4.723274e-05, -7.736267e-05)
(-9.961347e+01, +0.000000e+00)
(-4.892647e+01, +0.000000e+00)
(-2.402904e+01, +0.000000e+00)
(-1.179039e+01, +0.000000e+00)
(-5.772305e+00, +0.000000e+00)
(-2.814020e+00, +0.000000e+00)
(-1.361832e+00, +0.000000e+00)
(-6.511041e-01, +0.000000e+00)
(-3.051607e-01, +0.000000e+00)
(-1.383335e-01, +0.000000e+00)
(-5.910893e-02, +0.000000e+00)
(-2.242966e-02, +0.000000e+00)
(-6.170563e-03, +0.000000e+00)
(+4.772211e-04, +0.000000e+00)
(+2.747301e-03, +0.000000e+00)
(+3.136225e-03, +0.000000e+00)
(+2.805604e-03, +0.000000e+00)
(+2.273243e-03, +0.000000e+00)
(+1.752242e-03, +0.000000e+00)
(+1.316003e-03, +0.000000e+00)
(+9.774077e-04, +0.000000e+00)
(+7.259141e-04, +0.000000e+00)
(+5.442459e-04, +0.000000e+00)
(+4.153531e-04, +0.000000e+00)
(+3.248704e-04, +0.000000e+00)
(-2.027446e+02, -6.300247e+01)
(-9.670420e+01, -3.064450e+01)
(-4.594995e+01, -1.489103e+01)
(-2.172844e+01, -7.222887e+00)
(-1.021180e+01, -3.492680e+00)
(-4.761589e+00, -1.680476e+00)
(-2.197735e+00, -8.021520e-01)
(-1.000979e+00, -3.781388e-01)
(-4.479786e-01, -1.747533e-01)
(-1.958356e-01, -7.818327e-02)
(-8.290638e-02, -3.306423e-02)
(-3.354556e-02, -1.252518e-02)
(-1.269220e-02, -3.575842e-03)
(-4.305055e-03, +2.282436e-05)
(-1.174412e-03, +1.235908e-03)
(-1.406501e-04, +1.448851e-03)
(+1.302135e-04, +1.291248e-03)
(+1.691937e-04, +1.035879e-03)
(+1.668675e-04, +7.907475e-04)
(+1.777257e-04, +5.905352e-04)
(+2.073444e-04, +4.394004e-04)
(+2.475306e-04, +3.304470e-04)
(+2.891164e-04, +2.541454e-04)
(+3.256424e-04, +2.016418e-04)
(+3.536605e-04, +1.657864e-04)
(-1.387384e+02, -1.066246e+02)
(-7.315392e+01, -5.175668e+01)
(-3.861878e+01, -2.510541e+01)
(-2.037535e+01, -1.215812e+01)
(-1.071810e+01, -5.869901e+00)
(-5.602927e+00, -2.818790e+00)
(-2.897240e+00, -1.341517e+00)
(-1.471749e+00, -6.291232e-01)
(-7.264173e-01, -2.879748e-01)
(-3.416655e-01, -1.265095e-01)
(-1.471126e-01, -5.155732e-02)
(-5.198583e-02, -1.788207e-02)
(-8.070098e-03, -3.601057e-03)
(+1.008843e-02, +1.799788e-03)
(+1.578741e-02, +3.313002e-03)
(+1.585725e-02, +3.262160e-03)
(+1.371251e-02, +2.691940e-03)
(+1.098506e-02, +2.043460e-03)
(+8.394037e-03, +1.480371e-03)
(+6.205418e-03, +1.044569e-03)
(+4.471527e-03, +7.291081e-04)
(+3.153192e-03, +5.111884e-04)
(+2.179946e-03, +3.661694e-04)
(+1.477973e-03, +2.727824e-04)
(+9.816942e-04, +2.144440e-04)
(-1.222634e+03, -1.495306e+02)
(-5.893916e+02, -7.285899e+01)
(-2.835028e+02, -3.546701e+01)
(-1.359509e+02, -1.723464e+01)
(-6.491538e+01, -8.350033e+00)
(-3.081017e+01, -4.026186e+00)
(-1.449829e+01, -1.926759e+00)
(-6.738561e+00, -9.112806e-01)
(-3.075358e+00, -4.230879e-01)
(-1.364996e+00, -1.906246e-01)
(-5.792178e-01, -8.158164e-02)
(-2.269014e-01, -3.164214e-02)
(-7.489068e-02, -9.661556e-03)
(-1.345969e-02, -6.526491e-04)
(+8.374460e-03, +2.525486e-03)
(+1.385162e-02, +3.222162e-03)
(+1.325527e-02, +2.968995e-03)
(+1.091847e-02, +2.437130e-03)
(+8.511015e-03, +1.898551e-03)
(+6.559527e-03, +1.446159e-03)
(+5.134972e-03, +1.097095e-03)
(+4.152805e-03, +8.399894e-04)
(+3.496240e-03, +6.556294e-04)
(+3.061147e-03, +5.252731e-04)
(+2.767914e-03, +4.334233e-04)
(-1.078202e+03, +0.000000e+00)
(-3.619448e+02, +0.000000e+00)
(-1.124245e+02, +0.000000e+00)
(-4.193061e+01, +0.000000e+00)
(-3.197588e+01, +0.000000e+00)
(-3.714125e+01, +0.000000e+00)
(-4.221611e+01, +0.000000e+00)
(-4.362169e+01, +0.000000e+00)
(-4.169067e+01, +0.000000e+00)
(-3.767190e+01, +0.000000e+00)
(-3.271045e+01, +0.000000e+00)
(-2.760119e+01, +0.000000e+00)
(-2.281030e+01, +0.000000e+00)
(-1.856465e+01, +0.000000e+00)
(-1.493859e+01, +0.000000e+00)
(-1.191918e+01, +0.000000e+00)
(-9.449608e+00, +0.000000e+00)
(-7.455732e+00, +0.000000e+00)
(-5.861122e+00, +0.000000e+00)
(-4.594744e+00, +0.000000e+00)
(-3.594282e+00, +0.000000e+00)
(-2.806991e+00, +0.000000e+00)
(-2.189278e+00, +0.000000e+00)
(-1.705701e+00, +0.000000e+00)
(-1.327781e+00, +0.000000e+00)
(-1.222634e+03, +1.495306e+02)
(-5.893916e+02, +7.285899e+01)
(-2.835028e+02, +3.546701e+01)
(-1.359509e+02, +1.723464e+01)
(-6.491538e+01, +8.350033e+00)
(-3.081017e+01, +4.026186e+00)
(-1.449829e+01, +1.926759e+00)
(-6.738561e+00, +9.112806e-01)
(-3.075358e+00, +4.230879e-01)
(-1.364996e+00, +1.906246e-01)
(-5.792178e-01, +8.158164e-02)
(-2.269014e-01, +3.164214e-02)
(-7.489068e-02, +9.661556e-03)
(-1.345969e-02, +6.526491e-04)
(+8.374460e-03, -2.525486e-03)
(+1.385162e-02, -3.222162e-03)
(+1.325527e-02, -2.968995e-03)
(+1.091847e-02, -2.437130e-03)
(+8.511015e-03, -1.898551e-03)
(+6.559527e-03, -1.446159e-03)
(+5.134972e-03, -1.097095e-03)
(+4.152805e-03, -8.399894e-04)
(+3.496240e-03, -6.556294e-04)
(+3.061147e-03, -5.252731e-04)
(+2.767914e-03, -4.334233e-04)
(-1.387384e+02, +1.066246e+02)
(-7.315392e+01, +5.175668e+01)
(-3.861878e+01, +2.510541e+01)
(-2.037535e+01, +1.215812e+01)
(-1.071810e+01, +5.869901e+00)
(-5.602927e+00, +2.818790e+00)
(-2.897240e+00, +1.341517e+00)
(-1.471749e+00, +6.291232e-01)
(-7.264173e-01, +2.879748e-01)
(-3.416655e-01, +1.265095e-01)
(-1.471126e-01, +5.155732e-02)
(-5.198583e-02, +1.788207e-02)
(-8.070098e-03, +3.601057e-03)
(+1.008843e-02, -1.799788e-03)
(+1.578741e-02, -3.313002e-03)
(+1.585725e-02, -3.262160e-03)
(+1.371251e-02, -2.691940e-03)
(+1.098506e-02, -2.043460e-03)
(+8.394037e-03, -1.480371e-03)
(+6.205418e-03, -1.044569e-03)
(+4.471527e-03, -7.291081e-04)
(+3.153192e-03, -5.111884e-04)
(+2.179946e-03, -3.661694e-04)
(+1.477973e-03, -2.727824e-04)
(+9.816942e-04, -2.144440e-04)
(-2.027446e+02, +6.300247e+01)
(-9.670420e+01, +3.064450e+01)
(-4.594995e+01, +1.489103e+01)
(-2.172844e+01, +7.222887e+00)
(-1.021180e+01, +3.492680e+00)
(-4.761589e+00, +1.680476e+00)
(-2.197735e+00, +8.021520e-01)
(-1.000979e+00, +3.781388e-01)
(-4.479786e-01, +1.747533e-01)
(-1.958356e-01, +7.818327e-02)
(-8.290638e-02, +3.306423e-02)
(-3.354556e-02, +1.252518e-02)
(-1.269220e-02, +3.575842e-03)
(-4.305055e-03, -2.282436e-05)
(-1.174412e-03, -1.235908e-03)
(-1.406501e-04, -1.448851e-03)
(+1.302135e-04, -1.291248e-03)
(+1.691937e-04, -1.035879e-03)
(+1.668675e-04, -7.907475e-04)
(+1.777257e-04, -5.905352e-04)
(+2.073444e-04, -4.394004e-04)
(+2.475306e-04, -3.304470e-04)
(+2.891164e-04, -2.541454e-04)
(+3.256424e-04, -2.016418e-04)
(+3.536605e-04, -1.657864e-04)
(-4.294829e+01, -4.474956e-01)
(-2.035787e+01, -8.321477e-02)
(-9.603303e+00, +3.138873e-02)
(-4.503015e+00, +5.329616e-02)
(-2.095737e+00, +4.575245e-02)
(-9.662817e-01, +3.236483e-02)
(-4.403240e-01, +2.071749e-02)
(-1.977218e-01, +1.237992e-02)
(-8.717465e-02, +6.966518e-03)
(-3.758582e-02, +3.669195e-03)
(-1.578959e-02, +1.761532e-03)
(-6.459589e-03, +7.124538e-04)
(-2.600202e-03, +1.699006e-04)
(-1.070562e-03, -8.601003e-05)
(-4.920053e-04, -1.868302e-04)
(-2.784328e-04, -2.084770e-04)
(-1.922425e-04, -1.932371e-04)
(-1.441588e-04, -1.637207e-04)
(-1.049730e-04, -1.313628e-04)
(-6.785726e-05, -1.014452e-04)
(-3.305297e-05, -7.598868e-05)
(-2.154392e-06, -5.537559e-05)
(+2.368406e-05, -3.923565e-05)
(+4.406369e-05, -2.691258e-05)
(+5.918784e-05, -1.769747e-05)
(+3.531016e+01, -2.149672e+01)
(+1.580417e+01, -1.026699e+01)
(+6.935337e+00, -4.877096e+00)
(+2.964946e+00, -2.302245e+00)
(+1.223426e+00, -1.079211e+00)
(+4.803840e-01, -5.022347e-01)
(+1.754385e-01, -2.321899e-01)
(+5.730038e-02, -1.069068e-01)
(+1.560943e-02, -4.930664e-02)
(+3.282028e-03, -2.303046e-02)
(+1.062984e-03, -1.108693e-02)
(+1.586612e-03, -5.625000e-03)
(+2.354705e-03, -3.065418e-03)
(+2.730196e-03, -1.801214e-03)
(+2.703484e-03, -1.122423e-03)
(+2.419604e-03, -7.196288e-04)
(+2.018644e-03, -4.584469e-04)
(+1.596738e-03, -2.791836e-04)
(+1.208031e-03, -1.533384e-04)
(+8.767578e-04, -6.536185e-05)
(+6.088763e-04, -5.299027e-06)
(+4.005728e-04, +3.405651e-05)
(+2.436935e-04, +5.824332e-05)
(+1.288862e-04, +7.157279e-05)
(+4.723274e-05, +7.736267e-05)
(+3.471484e+02, -3.120353e+01)
(+1.791328e+02, -1.454647e+01)
(+9.261111e+01, -6.726496e+00)
(+4.789848e+01, -3.079535e+00)
(+2.472966e+01, -1.392652e+00)
(+1.270660e+01, -6.203643e-01)
(+6.469054e+00, -2.713344e-01)
(+3.241742e+00, -1.161547e-01)
(+1.582161e+00, -4.858635e-02)
(+7.382448e-01, -1.993891e-02)
(+3.171270e-01, -8.193997e-03)
(+1.135027e-01, -3.568580e-03)
(+2.027682e-02, -1.817912e-03)
(-1.814551e-02, -1.160168e-03)
(-3.036050e-02, -8.826378e-04)
(-3.084795e-02, -7.210250e-04)
(-2.675143e-02, -5.896236e-04)
(-2.144308e-02, -4.680202e-04)
(-1.639126e-02, -3.559851e-04)
(-1.213193e-02, -2.570650e-04)
(-8.767402e-03, -1.736328e-04)
(-6.217257e-03, -1.061107e-04)
(-4.340138e-03, -5.344829e-05)
(-2.989461e-03, -1.378287e-05)
(-2.035992e-03, +1.504088e-05)
(-1.280487e+03, +1.159339e+00)
(-6.182572e+02, +6.065876e-01)
(-2.979201e+02, +3.158580e-01)
(-1.431522e+02, +1.637579e-01)
(-6.850705e+01, +8.460109e-02)
(-3.259482e+01, +4.360761e-02)
(-1.537864e+01, +2.246682e-02)
(-7.167371e+00, +1.159616e-02)
(-3.279809e+00, +6.011666e-03)
(-1.458980e+00, +3.137216e-03)
(-6.196576e-01, +1.649165e-03)
(-2.420660e-01, +8.709490e-04)
(-7.866128e-02, +4.580289e-04)
(-1.252192e-02, +2.351393e-04)
(+1.090488e-02, +1.128426e-04)
(+1.660555e-02, +4.507299e-05)
(+1.569805e-02, +7.688698e-06)
(+1.289812e-02, -1.230033e-05)
(+1.003827e-02, -2.212702e-05)
(+7.703727e-03, -2.597447e-05)
(+5.977286e-03, -2.634879e-05)
(+4.767186e-03, -2.479102e-05)
(+3.943340e-03, -2.226008e-05)
(+3.387915e-03, -1.934939e-05)
(+3.009377e-03, -1.641662e-05)
(-1.224422e+03, +1.463529e+02)
(-5.903270e+02, +7.119631e+01)
(-2.839899e+02, +3.460124e+01)
(-1.362035e+02, +1.678577e+01)
(-6.504584e+01, +8.118139e+00)
(-3.087742e+01, +3.906656e+00)
(-1.453293e+01, +1.865177e+00)
(-6.756443e+00, +8.794952e-01)
(-3.084629e+00, +4.066098e-01)
(-1.369834e+00, +1.820254e-01)
(-5.817610e-01, +7.706123e-02)
(-2.282445e-01, +2.925484e-02)
(-7.559701e-02, +8.406086e-03)
(-1.382230e-02, +8.125652e-06)
(+8.200444e-03, -2.834791e-03)
(+1.378212e-02, -3.345709e-03)
(+1.324342e-02, -2.990070e-03)
(+1.093744e-02, -2.403414e-03)
(+8.545137e-03, -1.837900e-03)
(+6.599582e-03, -1.374962e-03)
(+5.175605e-03, -1.024872e-03)
(+4.191036e-03, -7.720365e-04)
(+3.530568e-03, -5.946139e-04)
(+3.090986e-03, -4.722358e-04)
(+2.793230e-03, -3.884249e-04)
(+3.761812e+02, +6.990625e+01)
(+1.930730e+02, +3.275351e+01)
(+9.928608e+01, +1.523711e+01)
(+5.108292e+01, +7.026705e+00)
(+2.624143e+01, +3.205922e+00)
(+1.341954e+01, +1.443748e+00)
(+6.802234e+00, +6.400653e-01)
(+3.395494e+00, +2.786364e-01)
(+1.651853e+00, +1.189400e-01)
(+7.690143e-01, +4.992107e-02)
(+3.301713e-01, +2.089191e-02)
(+1.186684e-01, +9.061895e-03)
(+2.206744e-02, +4.385369e-03)
(-1.771635e-02, +2.552231e-03)
(-3.042298e-02, +1.781968e-03)
(-3.104683e-02, +1.378965e-03)
(-2.695570e-02, +1.094479e-03)
(-2.161453e-02, +8.526877e-04)
(-1.652670e-02, +6.378316e-04)
(-1.223889e-02, +4.506906e-04)
(-8.854746e-03, +2.936742e-04)
(-6.292145e-03, +1.669726e-04)
(-4.407495e-03, +6.848481e-05)
(-3.052316e-03, -5.300951e-06)
(-2.096000e-03, -5.844602e-05)
(+4.803170e+01, +2.242608e+01)
(+2.194158e+01, +1.077903e+01)
(+9.890030e+00, +5.158456e+00)
(+4.383189e+00, +2.456150e+00)
(+1.901338e+00, +1.162817e+00)
(+8.025113e-01, +5.471908e-01)
(+3.272186e-01, +2.560064e-01)
(+1.279477e-01, +1.192501e-01)
(+4.790406e-02, +5.549274e-02)
(+1.764208e-02, +2.596637e-02)
(+7.168811e-03, +1.234867e-02)
(+3.983699e-03, +6.056487e-03)
(+3.147465e-03, +3.110431e-03)
(+2.872422e-03, +1.686870e-03)
(+2.613336e-03, +9.600907e-04)
(+2.270518e-03, +5.600545e-04)
(+1.875437e-03, +3.215667e-04)
(+1.478269e-03, +1.700048e-04)
(+1.115322e-03, +7.022397e-05)
(+8.051191e-04, +4.210211e-06)
(+5.527722e-04, -3.845647e-05)
(+3.553039e-04, -6.458073e-05)
(+2.057659e-04, -7.899921e-05)
(+9.589531e-05, -8.528881e-05)
(+1.761485e-05, -8.611288e-05)
(-3.952505e+01, +1.186641e+01)
(-1.870345e+01, +5.607203e+00)
(-8.805233e+00, +2.636225e+00)
(-4.119078e+00, +1.231610e+00)
(-1.911755e+00, +5.708028e-01)
(-8.786177e-01, +2.618442e-01)
(-3.988983e-01, +1.185297e-01)
(-1.783834e-01, +5.272893e-02)
(-7.831108e-02, +2.292219e-02)
(-3.363746e-02, +9.662205e-03)
(-1.411139e-02, +3.907712e-03)
(-5.804761e-03, +1.496071e-03)
(-2.389078e-03, +5.355768e-04)
(-1.039256e-03, +1.818105e-04)
(-5.243235e-04, +6.734104e-05)
(-3.260134e-04, +3.827466e-05)
(-2.370045e-04, +3.398646e-05)
(-1.809155e-04, +3.310401e-05)
(-1.335734e-04, +2.980588e-05)
(-8.977200e-05, +2.378104e-05)
(-4.999019e-05, +1.621156e-05)
(-1.557390e-05, +8.325659e-06)
(+1.268097e-05, +9.916113e-07)
(+3.470350e-05, -5.305374e-06)
(+5.095388e-05, -1.037286e-05)
(-4.186281e+01, +9.462554e+00)
(-1.986697e+01, +4.533971e+00)
(-9.384466e+00, +2.165785e+00)
(-4.407274e+00, +1.030416e+00)
(-2.054895e+00, +4.876645e-01)
(-9.494622e-01, +2.291861e-01)
(-4.337471e-01, +1.067002e-01)
(-1.953527e-01, +4.904081e-02)
(-8.643865e-02, +2.213932e-02)
(-3.742526e-02, +9.740671e-03)
(-1.579492e-02, +4.122887e-03)
(-6.488011e-03, +1.638998e-03)
(-2.612311e-03, +5.801348e-04)
(-1.063005e-03, +1.542193e-04)
(-4.712465e-04, -3.151520e-07)
(-2.515584e-04, -4.490066e-05)
(-1.644289e-04, -4.924089e-05)
(-1.185021e-04, -4.185154e-05)
(-8.298279e-05, -3.331866e-05)
(-5.000857e-05, -2.680279e-05)
(-1.922003e-05, -2.265093e-05)
(+8.093237e-06, -2.033249e-05)
(+3.089679e-05, -1.919023e-05)
(+4.880539e-05, -1.868709e-05)
(+6.197999e-05, -1.845282e-05)
(+5.117961e+01, +1.659822e+01)
(+2.321436e+01, +8.170240e+00)
(+1.036883e+01, +4.013084e+00)
(+4.540771e+00, +1.966030e+00)
(+1.938237e+00, +9.602802e-01)
(+7.999984e-01, +4.675032e-01)
(+3.158738e-01, +2.268410e-01)
(+1.177483e-01, +1.097235e-01)
(+4.104825e-02, +5.293456e-02)
(+1.377864e-02, +2.548782e-02)
(+5.381101e-03, +1.225244e-02)
(+3.445730e-03, +5.872605e-03)
(+3.272711e-03, +2.789776e-03)
(+3.293151e-03, +1.291012e-03)
(+3.120173e-03, +5.553963e-04)
(+2.756148e-03, +1.905558e-04)
(+2.293176e-03, +8.770638e-06)
(+1.814801e-03, -8.042158e-05)
(+1.374047e-03, -1.213548e-04)
(+9.965835e-04, -1.363997e-04)
(+6.895203e-04, -1.373235e-04)
(+4.493428e-04, -1.306242e-04)
(+2.674960e-04, -1.200582e-04)
(+1.338177e-04, -1.078648e-04)
(+3.841589e-05, -9.538883e-05)
(-1.229424e+02, -9.255172e+00)
(-6.518370e+01, -4.842477e+00)
(-3.459113e+01, -2.521541e+00)
(-1.833923e+01, -1.307304e+00)
(-9.690117e+00, -6.753829e-01)
(-5.085913e+00, -3.481259e-01)
(-2.639186e+00, -1.793559e-01)
(-1.344663e+00, -9.257385e-02)
(-6.652340e-01, -4.799201e-02)
(-3.133322e-01, -2.504485e-02)
(-1.348882e-01, -1.316553e-02)
(-4.744517e-02, -6.952913e-03)
(-7.022275e-03, -3.656512e-03)
(+9.687250e-03, -1.877152e-03)
(+1.490093e-02, -9.008391e-04)
(+1.491338e-02, -3.598243e-04)
(+1.287967e-02, -6.138000e-05)
(+1.031099e-02, +9.819532e-05)
(+7.874466e-03, +1.766432e-04)
(+5.817012e-03, +2.073580e-04)
(+4.186963e-03, +2.103463e-04)
(+2.947424e-03, +1.979104e-04)
(+2.032275e-03, +1.777055e-04)
(+1.372248e-03, +1.544690e-04)
(+9.057649e-04, +1.310563e-04)
(+3.471487e+02, +3.207059e+01)
(+1.791329e+02, +1.500014e+01)
(+9.261119e+01, +6.962724e+00)
(+4.789852e+01, +3.202009e+00)
(+2.472969e+01, +1.455925e+00)
(+1.270661e+01, +6.529782e-01)
(+6.469060e+00, +2.881373e-01)
(+3.241745e+00, +1.248274e-01)
(+1.582162e+00, +5.308245e-02)
(+7.382456e-01, +2.228522e-02)
(+3.171274e-01, +9.427400e-03)
(+1.135029e-01, +4.219959e-03)
(+2.027694e-02, +2.160470e-03)
(-1.814545e-02, +1.336028e-03)
(-3.036047e-02, +9.670323e-04)
(-3.084794e-02, +7.547349e-04)
(-2.675143e-02, +5.953739e-04)
(-2.144308e-02, +4.588208e-04)
(-1.639127e-02, +3.394364e-04)
(-1.213193e-02, +2.376389e-04)
(-8.767409e-03, +1.539267e-04)
(-6.217264e-03, +8.756964e-05)
(-4.340143e-03, +3.680007e-05)
(-2.989466e-03, -6.884601e-07)
(-2.035996e-03, -2.731880e-05)
(-1.380938e+02, +1.239606e+02)
(-7.281661e+01, +6.082720e+01)
(-3.844314e+01, +2.982855e+01)
(-2.028429e+01, +1.460685e+01)
(-1.067106e+01, +7.134970e+00)
(-5.578679e+00, +3.470869e+00)
(-2.884747e+00, +1.677471e+00)
(-1.465301e+00, +8.025246e-01)
(-7.230744e-01, +3.778693e-01)
(-3.399210e-01, +1.734213e-01)
(-1.461956e-01, +7.621785e-02)
(-5.150152e-02, +3.090567e-02)
(-7.815403e-03, +1.045012e-02)
(+1.021918e-02, +1.716331e-03)
(+1.585015e-02, -1.625628e-03)
(+1.588231e-02, -2.588168e-03)
(+1.371679e-02, -2.576969e-03)
(+1.097822e-02, -2.227391e-03)
(+8.381733e-03, -1.811244e-03)
(+6.190975e-03, -1.432974e-03)
(+4.456875e-03, -1.123111e-03)
(+3.139407e-03, -8.818970e-04)
(+2.167568e-03, -6.990319e-04)
(+1.467213e-03, -5.621205e-04)
(+9.725654e-04, -4.599274e-04)
(+4.753909e+01, +1.217882e+01)
(+2.168384e+01, +5.417474e+00)
(+9.755822e+00, +2.366623e+00)
(+4.313608e+00, +1.008712e+00)
(+1.865391e+00, +4.150371e-01)
(+7.839824e-01, +1.617481e-01)
(+3.176725e-01, +5.742469e-02)
(+1.230205e-01, +1.675289e-02)
(+4.534969e-02, +2.356295e-03)
(+1.630908e-02, -1.763125e-03)
(+6.468079e-03, -2.228117e-03)
(+3.613632e-03, -1.641734e-03)
(+2.952849e-03, -9.380349e-04)
(+2.772511e-03, -3.914998e-04)
(+2.565389e-03, -3.731255e-05)
(+2.251366e-03, +1.616594e-04)
(+1.872170e-03, +2.536071e-04)
(+1.483495e-03, +2.787260e-04)
(+1.124724e-03, +2.658022e-04)
(+8.161557e-04, +2.337956e-04)
(+5.639678e-04, +1.944375e-04)
(+3.658376e-04, +1.545443e-04)
(+2.152242e-04, +1.177551e-04)
(+1.041169e-04, +8.573831e-05)
(+2.459029e-05, +5.899181e-05)
(-2.870843e+01, -1.669652e+00)
(-1.356207e+01, -7.553325e-01)
(-6.371722e+00, -3.362101e-01)
(-2.973373e+00, -1.465566e-01)
(-1.375995e+00, -6.216204e-02)
(-6.302513e-01, -2.542617e-02)
(-2.850501e-01, -9.905338e-03)
(-1.269601e-01, -3.615920e-03)
(-5.553274e-02, -1.219038e-03)
(-2.380838e-02, -3.903107e-04)
(-1.001890e-02, -1.499775e-04)
(-4.183489e-03, -1.043923e-04)
(-1.790821e-03, -1.071951e-04)
(-8.402521e-04, -1.113671e-04)
(-4.673389e-04, -1.066928e-04)
(-3.120479e-04, -9.459139e-05)
(-2.323772e-04, -7.878566e-05)
(-1.769832e-04, -6.236430e-05)
(-1.300183e-04, -4.722465e-05)
(-8.816177e-05, -3.426826e-05)
(-5.163211e-05, -2.373963e-05)
(-2.104362e-05, -1.551329e-05)
(+3.442738e-06, -9.290782e-06)
(+2.216286e-05, -4.719963e-06)
(+3.577690e-05, -1.459459e-06)
(-7.715240e+00, +6.484859e+00)
(-3.808572e+00, +3.123929e+00)
(-1.880764e+00, +1.501422e+00)
(-9.282870e-01, +7.193303e-01)
(-4.573056e-01, +3.431208e-01)
(-2.243813e-01, +1.626685e-01)
(-1.092974e-01, +7.645469e-02)
(-5.258619e-02, +3.549174e-02)
(-2.478560e-02, +1.617991e-02)
(-1.128239e-02, +7.176142e-03)
(-4.824712e-03, +3.045727e-03)
(-1.815732e-03, +1.196334e-03)
(-4.753282e-04, +3.991518e-04)
(+7.341171e-05, +7.689579e-05)
(+2.588035e-04, -3.813074e-05)
(+2.870236e-04, -6.768044e-05)
(+2.549046e-04, -6.549357e-05)
(+2.060280e-04, -5.415244e-05)
(+1.585085e-04, -4.233466e-05)
(+1.186535e-04, -3.277051e-05)
(+8.758867e-05, -2.583040e-05)
(+6.440113e-05, -2.108474e-05)
(+4.757341e-05, -1.794108e-05)
(+3.559203e-05, -1.587426e-05)
(+2.716908e-05, -1.448584e-05)
(-2.445747e+01, +1.931547e+00)
(-1.176786e+01, +9.061957e-01)
(-5.648225e+00, +4.232317e-01)
(-2.701925e+00, +1.964702e-01)
(-1.286613e+00, +9.042577e-02)
(-6.088125e-01, +4.109657e-02)
(-2.855611e-01, +1.832002e-02)
(-1.322828e-01, +7.918367e-03)
(-6.018217e-02, +3.247875e-03)
(-2.664889e-02, +1.207211e-03)
(-1.130562e-02, +3.561520e-04)
(-4.453407e-03, +3.089959e-05)
(-1.506214e-03, -7.095262e-05)
(-3.157549e-04, -8.459738e-05)
(+1.108711e-04, -6.856092e-05)
(+2.235226e-04, -4.673421e-05)
(+2.198790e-04, -2.775035e-05)
(+1.825717e-04, -1.381914e-05)
(+1.431490e-04, -4.679493e-06)
(+1.114485e-04, +6.915988e-07)
(+8.876806e-05, +3.386642e-06)
(+7.355259e-05, +4.324980e-06)
(+6.369459e-05, +4.199977e-06)
(+5.735097e-05, +3.499076e-06)
(+5.314457e-05, +2.545628e-06)
(-1.204829e+02, -9.961955e-01)
(-5.652714e+01, -5.212279e-01)
(-2.633990e+01, -2.714101e-01)
(-1.217099e+01, -1.407138e-01)
(-5.566376e+00, -7.269594e-02)
(-2.514055e+00, -3.747110e-02)
(-1.118460e+00, -1.930527e-02)
(-4.888741e-01, -9.964338e-03)
(-2.096060e-01, -5.165699e-03)
(-8.832034e-02, -2.695744e-03)
(-3.699999e-02, -1.417093e-03)
(-1.593688e-02, -7.483882e-04)
(-7.551169e-03, -3.935746e-04)
(-4.255336e-03, -2.020503e-04)
(-2.888751e-03, -9.696329e-05)
(-2.201223e-03, -3.873028e-05)
(-1.736551e-03, -6.606737e-06)
(-1.350114e-03, +1.056941e-05)
(-1.008284e-03, +1.901328e-05)
(-7.098929e-04, +2.231932e-05)
(-4.585610e-04, +2.264096e-05)
(-2.549863e-04, +2.130240e-05)
(-9.625420e-05, +1.912762e-05)
(+2.292475e-05, +1.662653e-05)
(+1.088549e-04, +1.410646e-05)
(+5.122436e+01, -6.018783e+00)
(+2.323778e+01, -2.634882e+00)
(+1.038102e+01, -1.130752e+00)
(+4.547092e+00, -4.716727e-01)
(+1.941502e+00, -1.882608e-01)
(+8.016816e-01, -6.956608e-02)
(+3.167410e-01, -2.182212e-02)
(+1.181959e-01, -3.903829e-03)
(+4.128030e-02, +1.924335e-03)
(+1.389973e-02, +3.140544e-03)
(+5.444757e-03, +2.796862e-03)
(+3.479348e-03, +2.075159e-03)
(+3.290390e-03, +1.389924e-03)
(+3.302227e-03, +8.547296e-04)
(+3.124528e-03, +4.743384e-04)
(+2.757888e-03, +2.207536e-04)
(+2.293473e-03, +6.139186e-05)
(+1.814326e-03, -3.182390e-05)
(+1.373193e-03, -8.056327e-05)
(+9.955809e-04, -1.006279e-04)
(+6.885032e-04, -1.031200e-04)
(+4.483859e-04, -9.560390e-05)
(+2.666368e-04, -8.307406e-05)
(+1.330708e-04, -6.870631e-05)
(+3.778223e-05, -5.441953e-05)
(+3.488170e+01, +1.121202e+01)
(+1.557999e+01, +4.885844e+00)
(+6.818604e+00, +2.075064e+00)
(+2.904426e+00, +8.495194e-01)
(+1.192160e+00, +3.287000e-01)
(+4.642677e-01, +1.153840e-01)
(+1.671354e-01, +3.288276e-02)
(+5.301474e-02, +4.035264e-03)
(+1.338767e-02, -4.023906e-03)
(+2.122596e-03, -4.800331e-03)
(+4.534959e-04, -3.543105e-03)
(+1.264732e-03, -2.101340e-03)
(+2.185430e-03, -9.978367e-04)
(+2.643295e-03, -2.847479e-04)
(+2.661780e-03, +1.213770e-04)
(+2.402946e-03, +3.197784e-04)
(+2.015802e-03, +3.902392e-04)
(+1.601284e-03, +3.883020e-04)
(+1.216209e-03, +3.496311e-04)
(+8.863573e-04, +2.957859e-04)
(+6.186141e-04, +2.390438e-04)
(+4.097349e-04, +1.858690e-04)
(+2.519202e-04, +1.392297e-04)
(+1.360372e-04, +1.000791e-04)
(+5.329989e-05, +6.827206e-05)
(-2.019773e+02, +6.462677e+01)
(-9.630277e+01, +3.149436e+01)
(-4.574092e+01, +1.533356e+01)
(-2.162007e+01, +7.452322e+00)
(-1.015581e+01, +3.611211e+00)
(-4.732730e+00, +1.741573e+00)
(-2.182867e+00, +8.336294e-01)
(-9.933045e-01, +3.943858e-01)
(-4.440002e-01, +1.831760e-01)
(-1.937595e-01, +8.257871e-02)
(-8.181500e-02, +3.537482e-02)
(-3.296918e-02, +1.374544e-02)
(-1.238909e-02, +4.217569e-03)
(-4.149445e-03, +3.066205e-04)
(-1.099735e-03, -1.077809e-03)
(-1.108217e-04, -1.385701e-03)
(+1.353018e-04, -1.280476e-03)
(+1.610536e-04, -1.053112e-03)
(+1.522243e-04, -8.217488e-04)
(+1.605363e-04, -6.269271e-04)
(+1.899072e-04, -4.763167e-04)
(+2.311243e-04, -3.651807e-04)
(+2.743852e-04, -2.853332e-04)
(+3.128373e-04, -2.287515e-04)
(+3.427963e-04, -1.887871e-04)
(-3.996147e+01, +1.307898e+01)
(-1.893180e+01, +6.241644e+00)
(-8.924134e+00, +2.966586e+00)
(-4.180723e+00, +1.402888e+00)
(-1.943602e+00, +6.592886e-01)
(-8.950334e-01, +3.074542e-01)
(-4.073557e-01, +1.420281e-01)
(-1.827487e-01, +6.485755e-02)
(-8.057411e-02, +2.920990e-02)
(-3.481844e-02, +1.294347e-02)
(-1.473221e-02, +5.632602e-03)
(-6.132622e-03, +2.407012e-03)
(-2.561499e-03, +1.014637e-03)
(-1.127772e-03, +4.277468e-04)
(-5.668021e-04, +1.853651e-04)
(-3.429807e-04, +8.541728e-05)
(-2.398989e-04, +4.202821e-05)
(-1.762851e-04, +2.023888e-05)
(-1.252438e-04, +6.662842e-06)
(-7.999414e-05, -3.386103e-06)
(-4.007142e-05, -1.134710e-05)
(-6.241535e-06, -1.760370e-05)
(+2.106058e-05, -2.229059e-05)
(+4.198741e-05, -2.554324e-05)
(+5.713377e-05, -2.754329e-05)
(-7.662055e+00, +6.484083e+00)
(-3.780745e+00, +3.123523e+00)
(-1.866274e+00, +1.501211e+00)
(-9.207745e-01, +7.192207e-01)
(-4.534245e-01, +3.430642e-01)
(-2.223807e-01, +1.626393e-01)
(-1.082667e-01, +7.643965e-02)
(-5.205421e-02, +3.548398e-02)
(-2.450981e-02, +1.617589e-02)
(-1.113847e-02, +7.174042e-03)
(-4.749056e-03, +3.044623e-03)
(-1.775777e-03, +1.195751e-03)
(-4.543158e-04, +3.988452e-04)
(+8.419887e-05, +7.673839e-05)
(+2.639802e-04, -3.820628e-05)
(+2.890913e-04, -6.771061e-05)
(+2.552573e-04, -6.549872e-05)
(+2.054637e-04, -5.414421e-05)
(+1.574935e-04, -4.231985e-05)
(+1.174619e-04, -3.275312e-05)
(+8.637990e-05, -2.581277e-05)
(+6.326383e-05, -2.106814e-05)
(+4.655221e-05, -1.792618e-05)
(+3.470436e-05, -1.586131e-05)
(+2.641596e-05, -1.447486e-05)
(-1.716364e+01, +4.617184e+00)
(-8.320387e+00, +2.223162e+00)
(-4.027528e+00, +1.067917e+00)
(-1.945065e+00, +5.113248e-01)
(-9.360530e-01, +2.437350e-01)
(-4.480794e-01, +1.154639e-01)
(-2.127784e-01, +5.422421e-02)
(-9.982261e-02, +2.515065e-02)
(-4.596431e-02, +1.145629e-02)
(-2.054611e-02, +5.077785e-03)
(-8.736678e-03, +2.154724e-03)
(-3.382950e-03, +8.472755e-04)
(-1.051346e-03, +2.841971e-04)
(-1.056217e-04, +5.665426e-05)
(+2.253294e-04, -2.468683e-05)
(+2.986849e-04, -4.580732e-05)
(+2.753981e-04, -4.459122e-05)
(+2.247267e-04, -3.692460e-05)
(+1.740400e-04, -2.889622e-05)
(+1.322724e-04, -2.241486e-05)
(+1.007643e-04, -1.773639e-05)
(+7.812540e-05, -1.455962e-05)
(+6.230544e-05, -1.247212e-05)
(+5.139388e-05, -1.111023e-05)
(+4.386217e-05, -1.019966e-05)
